15.597999999999999
16.00133333333334
4.004000000000002
3.9966666666666666
3.9966666666666666
2.001999999999998
1.0046666666666701
0.9973333333333277
3.9966666666666666
4.004000000000002
3.996666666666673
2.001999999999998
0.9973333333333277
1.0046666666666701
3.9966666666666666
0.0
4.003999999999996
3.9966666666666666
0.0
4.004000000000008
3.9966666666666666
0.0
3.9966666666666666
4.003999999999996
0.0
3.9966666666666666
4.004000000000008
0.0
3.9966666666666666
4.003999999999996
0.0
3.9966666666666666
1.0046666666666701
1.9946666666666686
2.001999999999998
2.0019999999999847
0.9973333333333538
8.00066666666665
2.001999999999998
3.9966666666666795
0.0
4.003999999999996
3.9966666666666795
0.0
4.003999999999996
3.9966666666666533
0.0
2.001999999999998
1.9946666666666817
2.001999999999998
2.001999999999998
0.0
2.001999999999998
1.9946666666666817
4.003999999999996
0.0
3.9966666666666533
4.003999999999996
0.0
3.9966666666666795
4.003999999999996
0.0
1.9946666666666817
2.001999999999998
0.0
2.001999999999998
0.9973333333333277
1.0046666666666701
1.9946666666666555
2.001999999999998
3.9966666666666795
4.003999999999996
2.001999999999998
1.9946666666666817
4.003999999999996
3.9966666666666533
4.003999999999996
1.9946666666666817
2.001999999999998
4.003999999999996
3.9966666666666795
4.003999999999996
1.9946666666666817
2.001999999999972
3.9966666666666795
4.003999999999996
2.0020000000000238
1.9946666666666555
2.001999999999972
0.9973333333333538
1.0046666666666701
2.001999999999972
1.9946666666667077
4.003999999999996
3.9966666666666795
2.001999999999972
2.0020000000000238
3.9966666666666275
4.003999999999996
3.9966666666666795
2.0020000000000238
1.9946666666666555
1.0046666666666701
2.9993333333333254
3.9966666666666795
4.003999999999996
3.9966666666666795
1.0046666666666701
2.9993333333333254
3.9966666666666795
4.003999999999996
3.9966666666666275
0.9973333333333538
3.006666666666642
1.9946666666667077
0.0
2.001999999999972
3.9966666666666795
2.0020000000000238
0.0
2.001999999999972
2.0020000000000238
3.9966666666666275
8.000666666666675
0.9973333333333538
1.0046666666666701
0.9973333333333018
0.9973333333333538
2.0020000000000238
4.003999999999996
0.0
1.9946666666666555
2.001999999999972
0.0
2.0020000000000238
0.9973333333333538
1.004666666666618
1.9946666666667077
2.001999999999972
2.9993333333333254
0.9973333333333538
2.0020000000000238
4.003999999999996
3.9966666666666275
2.0020000000000238
2.9993333333333254
0.9973333333333538
2.001999999999972
3.9966666666666795
4.003999999999996
2.0020000000000238
2.9993333333333254
0.9973333333333018
2.0020000000000238
2.001999999999972
2.999333333333378
0.9973333333333018
2.0020000000000238
2.001999999999972
1.9946666666667077
2.001999999999972
2.0020000000000238
1.9946666666666555
2.001999999999972
2.0020000000000238
2.001999999999972
0.0
8.99800000000003
0.9973333333333538
1.004666666666618
0.9973333333333538
3.9966666666666795
0.0
9.005333333333345
0.9973333333333018
0.9973333333333538
1.0046666666666701
5.998666666666651
0.0
3.9966666666666795
0.0
4.003999999999944
0.0
2.002000000000076
0.0
1.9946666666666035
0.0
2.002000000000076
1.3346666666665783
1.3346666666666827
1.3346666666666827
1.3273333333333142
1.3346666666666827
1.3346666666666827
24.001999999999974
3.9966666666666795
4.0040000000000475
3.9966666666666795
2.001999999999972
0.9973333333333018
1.0046666666666701
3.9966666666666795
3.9966666666666795
4.003999999999944
2.002000000000076
0.9973333333333018
0.9973333333333018
2.002000000000076
4.003999999999944
0.0
3.9966666666666795
2.001999999999972
1.9946666666667077
0.0
4.003999999999944
3.9966666666666795
0.0
2.002000000000076
2.001999999999972
2.001999999999972
0.9973333333333018
0.9973333333334059
2.001999999999972
2.001999999999972
0.0
1.9946666666667077
2.001999999999972
0.0
1.9873333333333394
2.0533333333333417
1.979999999999971
1.9800000000000753
1.979999999999971
2.0533333333333417
0.0
1.979999999999971
1.979999999999971
0.0
1.9800000000000753
2.0533333333333417
1.979999999999971
1.979999999999971
2.0533333333333417
1.979999999999971
3.0066666666667463
0.9533333333333001
4.033333333333313
3.006666666666642
0.9533333333334043
4.033333333333313
3.006666666666642
1.0266666666666708
3.960000000000046
1.979999999999971
0.0
2.0533333333333417
0.0
1.979999999999971
1.979999999999971
1.9800000000000753
2.0533333333333417
1.979999999999971
2.9920000000000093
2.9993333333332735
2.002000000000076
0.9973333333333018
2.001999999999972
2.001999999999972
2.002000000000076
0.9973333333333018
3.9966666666666795
0.0
4.003999999999944
2.002000000000076
3.9966666666666795
0.0
4.003999999999944
3.9966666666666795
0.0
3.9966666666666795
4.003999999999944
0.0
2.002000000000076
1.9946666666666035
2.002000000000076
2.001999999999972
0.0
2.001999999999972
1.3273333333333142
1.3346666666666827
1.3346666666666827
1.3346666666666827
1.3346666666666827
1.3273333333333142
8.000666666666623
0.0